17.226
17.008
16.88375
16.71775
16.55025
16.417
16.3475
16.26575
16.2385
16.18925
16.15125
16.121
16.062
15.994
16.00025
15.976
15.98825
15.98075
15.93075
15.90025
15.8835
15.8805
15.9255
15.87375
15.8245
15.86425
15.85925
15.78575
15.8045
15.8655
15.75075
15.7295
15.771
15.77025
15.82775
15.80625
15.78525
15.82725
15.74375
15.74025
15.73475
15.69875
15.69025
15.73825
15.6615
15.56675
15.5945
15.60625
15.595
15.54775
15.5235
15.546
15.61975
15.571
15.4665
15.55775
15.589
15.54375
15.54175
15.556
15.544
15.47175
15.46475
15.45175
15.40825
15.43875
15.4625
15.442
15.3845
15.41875
15.40825
15.41975
15.4785
15.498
15.459
15.4305
15.41825
15.40075
15.3965
15.3815
15.382
15.31125
15.304
15.271
15.29625
15.39525
15.352
15.3255
15.32525
15.3345
